975
966
159
76
709
875
997
770
432
572
888
797
132
24
26
554
552
538
289
582
592
518
476
182
989
444
569
287
138
692
368
826
84
605
411
138
961
472
302
624
124
522
83
826
967
173
29
857
955
679
500
17
781
324
378
107
26
669
30
232
381
281
23
442
987
348
469
739
714
591
374
533
361
725
935
364
616
149
964
473
653
621
379
891
296
965
788
15
519
673
54
38
445
976
457
853
228
159
542
816
744
711
451
580
730
230
886
460
222
761
419
951
85
564
964
17
378
956
267
120
880
182
480
105
501
879
725
590
535
125
858
316
904
821
175
732
55
967
882
241
98
591
819
831
902
696
153
101
42
643
634
825
122
310
274
540
719
833
197
55
756
597
240
219
231
739
133
610
907
945
670
458
498
890
885
86
474
720
376
337
418
442
495
868
752
693
228
340
79
790
330
385
561
225
487
835
141
385
11
116
518
454
517
432
92
530
334
533
409
511
306
541
423
255
645
551
325
878
329
237
138
475
924
542
408
357
54
893
198
483
864
403
582
765
853
920
655
522
318
720
600
394
134
316
260
595
829
572
121
468
305
695
262
887
362
116
288
329
530
912
977
209
996
688
453
842
345
383
460
607
96
782
285
561
881
753
256
883
371
954
487
519
849
586
800
103
343
363
730
126
422
360
496
288
957
424
235
550
893
171
871
407
451
774
630
107
270
174
523
454
157
574
311
690
11
2
732
899
606
955
584
929
736
94
736
18
147
310
278
872
57
111
653
646
339
972
331
204
646
396
963
743
495
784
142
648
277
749
263
699
135
959
71
29
859
591
749
745
542
651
548
631
397
12
487
938
282
652
731
897
447
48
93
168
322
639
461
230
818
984
875
323
357
535
593
635
246
454
835
279
25
571
414
209
258
577
186
636
994
832
967
31
726
406
213
200
290
210
588
851
411
527
344
68
827
862
833
50
401
720
311
751
835
561
311
776
462
223
125
254
751
503
626
811
221
274
393
131
203
505
740
675
541
319
200
592
902
780
600
729
664
434
359
406
630
892
810
524
440
315
373
952
993
814
425
482
482
400
809
24
325
484
728
33
182
552
159
124
903
657
966
717
299
22
457
842
658
360
575
397
278
310
37
590
669
744
408
649
541
918
891
365
48
674
807
600
741
952
5
487
264
983
155
968
375
942
890
196
550
889
720
836
201
306
306
841
819
736
172
716
640
337
823
898
425
874
161
819
695
724
423
434
171
180
715
35
960
125
841
757
213
476
55
16
973
509
713
883
893
818
597
959
506
558
861
154
63
467
536
91
389
659
301
806
189
138
447
646
107
696
576
534
354
983
733
97
726
104
89
144
309
675
607
727
675
425
988
176
880
827
522
203
517
899
984
4
375
974
617
661
141
484
192
260
99
286
785
974
716
39
739
622
752
218
449
275
370
317
402
927
234
319
974
523
778
862
979
277
383
514
924
895
753
817
463
334
239
258
52
30
504
215
316
272
705
105
986
717
433
273
332
896
899
400
77
445
207
829
628
324
58
994
750
339
387
99
263
214
583
110
16
396
61
596
903
951
726
750
517
617
797
147
694
393
421
324
562
584
683
689
228
721
8
490
167
242
436
677
66
738
925
575
19
212
305
717
806
440
956
294
611
707
19
305
68
34
322
928
557
227
108
349
115
652
681
561
227
581
729
487
37
900
123
440
378
398
551
111
551
23
371
52
461
229
363
356
516
923
683
37
596
544
772
292
202
470
414
629
9
412
828
991
195
559
797
929
897
417
404
142
584
139
269
940
263
412
923
414
729
16
576
948
255
44
380
816
475
561
983
564
945
594
622
898
170
591
135
428
274
555
561
749
192
599
497
358
106
573
315
397
5
186
867
521
949
788
268
407
944
33
133
10
910
391
718
164
30
982
309
62
897
197
52
599
110
866
913
65
889
354
399
867
559
475
883
371
362
860
286
797
555
721
598
917
583
462
140
787
698
368
17
620
541
609
400
156
357
905
593
514
753
575
573
894
670
33
436
644
31
584
860
167
553
5
115
807
578
722
825
882
447
507
621
322
455
724
204
150
762
100
268
160
533
233
98
467
150
260
718
908
562
3
730
11
809
946
916
259
846
581
418
536
981
199
416
943
348
431
658
966
705
732
505
249
736
114
988
930
656
628
555
626
7
108
862
169
599
240
220
117
842
69
872
961
592
146
497
773
763
872
486
437
566
531
127
570
524
545
945
958
327
698
520
739
870
318
41
511
343
483
201
915
965
333
343
418
908
252
751
939
